-2000.000000	0.005143	-0.003388
-1960.000000	0.008714	-0.003634
-1920.000000	0.003697	-0.006920
-1880.000000	0.005929	-0.007248
-1840.000000	0.005943	-0.008795
-1800.000000	0.006568	-0.008192
-1760.000000	0.008924	-0.006822
-1720.000000	0.007527	-0.004651
-1680.000000	0.003495	-0.002741
-1640.000000	0.003943	-0.001382
-1600.000000	0.006584	-0.006152
-1560.000000	0.003084	-0.001871
-1520.000000	0.006025	0.000183
-1480.000000	0.007948	-0.003574
-1440.000000	0.008000	-0.004945
-1400.000000	0.009511	-0.002923
-1360.000000	0.007761	0.001023
-1320.000000	0.005221	-0.006124
-1280.000000	0.013948	-0.008198
-1240.000000	0.011282	-0.010130
-1200.000000	0.008872	-0.003899
-1160.000000	0.005292	-0.000986
-1120.000000	0.001153	0.000419
-1080.000000	0.009064	-0.003264
-1040.000000	0.011870	-0.004642
-1000.000000	0.005563	-0.005148
-960.000000	0.004158	-0.007092
-920.000000	0.004766	-0.006384
-880.000000	0.005200	-0.004893
-840.000000	0.007870	-0.003597
-800.000000	0.007626	-0.007368
-760.000000	0.007991	-0.004230
-720.000000	0.008250	-0.008526
-680.000000	0.005193	-0.009027
-640.000000	0.006280	-0.006018
-600.000000	0.006398	-0.003490
-560.000000	0.002666	-0.001938
-520.000000	0.006619	-0.001041
-480.000000	0.011479	0.005253
-440.000000	0.010127	-0.000224
-400.000000	0.009559	-0.001778
-360.000000	0.009503	0.001863
-320.000000	0.003601	-0.000155
-280.000000	0.005924	0.000677
-240.000000	0.012513	0.001002
-200.000000	0.014395	-0.002404
-160.000000	0.017086	0.000209
-120.000000	0.023119	0.000209
-80.000000	0.024882	0.002545
-40.000000	0.013844	-0.003153
0.000000	-0.005420	-0.007120
40.000000	-0.017061	-0.007283
80.000000	-0.010096	-0.006007
120.000000	-0.004636	-0.004719
160.000000	-0.010648	0.000272
200.000000	-0.010783	-0.003959
240.000000	-0.011520	-0.000468
280.000000	-0.007996	0.002327
320.000000	-0.004770	-0.003511
360.000000	-0.009905	-0.007800
400.000000	-0.012515	-0.000599
440.000000	-0.008198	-0.004368
480.000000	-0.013667	-0.007400
520.000000	-0.015140	-0.008728
560.000000	-0.010889	-0.005796
600.000000	-0.006978	0.000126
640.000000	-0.008692	0.000634
680.000000	-0.006946	-0.004022
720.000000	-0.007976	-0.002033
760.000000	-0.002061	-0.002042
800.000000	-0.002272	-0.002049
840.000000	-0.002668	-0.000843
880.000000	-0.004081	-0.002459
920.000000	-0.005124	-0.007590
960.000000	-0.005262	-0.010691
1000.000000	-0.001914	-0.006340
1040.000000	-0.001881	-0.004337
1080.000000	-0.005971	-0.005434
1120.000000	-0.003889	-0.002084
1160.000000	-0.003853	-0.006202
1200.000000	-0.005126	-0.009416
1240.000000	-0.002712	-0.006663
1280.000000	-0.003379	-0.008760
1320.000000	-0.004483	-0.004858
1360.000000	-0.001982	-0.006479
1400.000000	-0.001032	-0.006593
1440.000000	-0.001024	-0.012721
1480.000000	-0.001460	-0.012637
1520.000000	-0.004243	-0.007245
1560.000000	-0.001615	-0.011095
1600.000000	-0.004860	-0.007106
1640.000000	-0.004597	-0.007660
1680.000000	-0.005640	-0.007717
1720.000000	-0.003734	-0.006280
1760.000000	-0.003095	-0.005819
1800.000000	-0.001378	-0.008494
1840.000000	-0.006035	-0.004752
1880.000000	-0.011608	-0.004460
1920.000000	-0.005850	-0.003367
1960.000000	-0.003737	-0.000995
-2000.000000	0.003862	-0.007664
-1960.000000	-0.001544	0.002408
-1920.000000	0.009076	-0.002002
-1880.000000	-0.001430	-0.011350
-1840.000000	0.002156	-0.004903
-1800.000000	0.000026	-0.000789
-1760.000000	-0.005477	0.000814
-1720.000000	0.010223	-0.005168
-1680.000000	0.007763	-0.001226
-1640.000000	0.002416	0.001581
-1600.000000	0.000412	-0.002236
-1560.000000	0.002532	-0.001480
-1520.000000	0.001809	-0.001374
-1480.000000	0.009701	0.000881
-1440.000000	0.003796	0.007388
-1400.000000	0.006295	0.005152
-1360.000000	-0.007235	-0.004746
-1320.000000	-0.011862	-0.008146
-1280.000000	-0.009596	-0.004543
-1240.000000	0.003834	-0.006606
-1200.000000	0.001589	0.001540
-1160.000000	0.001687	0.000665
-1120.000000	-0.002198	-0.008810
-1080.000000	0.006530	-0.002833
-1040.000000	-0.001446	0.000045
-1000.000000	0.001271	0.009195
-960.000000	0.004348	-0.002925
-920.000000	0.005457	-0.003118
-880.000000	-0.001109	-0.004259
-840.000000	-0.008881	0.000700
-800.000000	-0.006177	0.003147
-760.000000	0.002264	0.006635
-720.000000	-0.004217	0.003750
-680.000000	-0.015080	-0.003259
-640.000000	-0.001892	0.005635
-600.000000	0.003498	-0.006148
-560.000000	0.004561	-0.002977
-520.000000	0.009344	-0.005258
-480.000000	0.002066	0.004865
-440.000000	-0.000470	-0.011169
-400.000000	0.001469	-0.020694
-360.000000	0.000533	-0.013737
-320.000000	0.004949	-0.013132
-280.000000	0.004821	-0.000961
-240.000000	0.005756	-0.004377
-200.000000	0.010089	0.004490
-160.000000	0.006597	-0.001904
-120.000000	0.004709	-0.013641
-80.000000	0.013753	-0.007453
-40.000000	0.027280	-0.012946
0.000000	-0.012778	-0.002365
40.000000	-0.025690	-0.011583
80.000000	-0.018638	-0.006418
120.000000	-0.010016	-0.005129
160.000000	-0.003540	-0.003274
200.000000	-0.011803	0.002754
240.000000	-0.010151	0.002250
280.000000	-0.006416	-0.009070
320.000000	-0.009390	-0.013515
360.000000	-0.017724	-0.007366
400.000000	-0.021452	0.004901
440.000000	-0.015885	-0.001532
480.000000	-0.014011	0.007695
520.000000	-0.021100	0.003756
560.000000	-0.012953	-0.004717
600.000000	-0.016989	-0.011357
640.000000	-0.011957	-0.002848
680.000000	-0.015673	-0.009415
720.000000	-0.011818	-0.000511
760.000000	-0.014816	0.000688
800.000000	-0.015714	0.002614
840.000000	-0.012111	-0.003795
880.000000	-0.000369	0.006580
920.000000	-0.019000	-0.002800
960.000000	-0.007957	-0.007744
1000.000000	-0.006756	0.003655
1040.000000	-0.003645	-0.007445
1080.000000	-0.016781	-0.006087
1120.000000	-0.007480	-0.001129
1160.000000	0.003667	-0.003826
1200.000000	-0.009147	-0.002577
1240.000000	-0.014740	-0.001626
1280.000000	-0.009618	-0.000012
1320.000000	-0.009607	-0.012581
1360.000000	-0.003642	0.003321
1400.000000	-0.008828	0.006376
1440.000000	-0.007320	-0.001360
1480.000000	-0.003296	0.002860
1520.000000	-0.004576	-0.006282
1560.000000	-0.012866	-0.002529
1600.000000	-0.011714	0.010091
1640.000000	-0.011583	0.003269
1680.000000	-0.008568	-0.014601
1720.000000	-0.019208	-0.001857
1760.000000	-0.009128	-0.005473
1800.000000	-0.005145	-0.007322
1840.000000	-0.011508	-0.003362
1880.000000	-0.004582	-0.005172
1920.000000	-0.008961	-0.010795
1960.000000	-0.012698	-0.013305

x_0 = 1.000000
p_0 = 0.000000
V_0 = 1.000000
sigma = 1.000000
t = 0.300000
