,driver_num,trip_num,v,v_r,accel,bad,prob
0,11.0,1.0,16.98504034853845,6.105267696245528,0.6144463158716515,0.0,1
111,11.0,2.0,12.541045173320757,4.798053506352568,0.6560890041423457,0.0,1
123,11.0,3.0,26.43122486184502,5.174912155892761,0.9528763289820281,0.0,1
134,11.0,4.0,20.881358837649874,5.370825797075461,0.7057472268843199,0.0,1
145,11.0,5.0,24.136853702202583,7.47607639489414,1.107668069074113,0.0,1
156,11.0,6.0,26.2660625901246,6.790919725977506,1.2013800863361634,0.0,1
167,11.0,7.0,24.688387391756272,6.2440339230085256,1.1227842702683386,0.0,1
178,11.0,8.0,22.278495842212717,6.872698241960171,0.6252516203057912,0.0,1
189,11.0,9.0,7.228190946060548,3.5901791028655734,0.6798687075941281,0.0,1
1,11.0,10.0,26.187095896029305,7.025815569648547,1.4585538991742624,0.0,1
12,11.0,11.0,21.979228950208643,6.128829054860493,0.9089291692170001,0.0,1
23,11.0,12.0,27.5963408652052,8.526056798334274,1.2935961671423044,0.0,1
34,11.0,13.0,12.541461920704473,6.660317213225453,0.8288018054300554,0.0,1
45,11.0,14.0,25.173262371923332,5.917717948972348,0.9235667072228777,0.0,1
56,11.0,15.0,18.909397977117713,7.215158994931763,0.7077786472123826,0.0,1
67,11.0,16.0,22.4070329007473,6.576029884442489,0.8690081344704996,0.0,1
78,11.0,17.0,21.86961288679031,6.155657584825858,1.1577038741700392,0.0,1
89,11.0,18.0,18.638194640989774,6.769070631913599,1.1863601268710937,0.0,1
100,11.0,19.0,,,,1.0,1
112,11.0,20.0,24.728219134554035,4.884810167203515,0.8499622572700005,0.0,1
114,11.0,21.0,22.922620651852636,5.884361429307677,0.9955550551717565,0.0,1
115,11.0,22.0,22.95000659064202,7.403025219739593,0.9511459245746963,0.0,1
116,11.0,23.0,21.156014684500214,5.447221792097537,0.8135490513196046,0.0,1
117,11.0,24.0,15.977063677922732,4.921593660864169,0.7996256628010556,0.0,1
118,11.0,25.0,25.368601414275012,7.726406544906433,1.2686270207296158,0.0,1
119,11.0,26.0,22.991820880429707,6.209176499328984,0.975644320613207,0.0,1
120,11.0,27.0,21.967788761235436,6.040987209435246,1.149067275657206,0.0,1
121,11.0,28.0,12.199509692760964,5.697029929465458,0.46233037173946023,0.0,1
122,11.0,29.0,10.757751692300296,6.188459296054226,0.5549104728866592,0.0,1
124,11.0,30.0,22.105405220846105,7.049067053956249,0.7627339438057348,0.0,1
125,11.0,31.0,13.459564580900476,5.478435847630595,0.6121333556932012,0.0,1
126,11.0,32.0,10.697144944979303,4.9019447655401,0.7116587554764298,0.0,1
127,11.0,33.0,19.66116629158072,6.974389367606622,1.1547829056051455,0.0,1
128,11.0,34.0,17.957420581416567,5.609887710159514,0.7706271105793796,0.0,1
129,11.0,35.0,21.909085605243835,5.882577861936515,1.4117922804767815,0.0,1
130,11.0,36.0,11.079942045658893,5.298147366536124,1.3059605324838062,0.0,1
131,11.0,37.0,20.513772517957836,7.092094282817385,0.7473591336279339,0.0,1
132,11.0,38.0,23.934644421070555,7.934269082261098,0.7909308749906376,0.0,1
133,11.0,39.0,22.421077514186287,4.897361312897762,0.6559490682948308,0.0,1
135,11.0,40.0,12.682239364790217,5.864617482112603,1.640783062311895,0.0,1
136,11.0,41.0,19.00624266402002,7.2477545522168745,0.8986715689619791,0.0,1
137,11.0,42.0,10.067173387158913,6.094725776766213,1.0395401607633374,0.0,1
138,11.0,43.0,24.311113861614626,6.759966379022673,1.420300348844025,0.0,1
139,11.0,44.0,24.773253349695207,1.8150190866088989,0.7992743824477877,0.0,0
140,11.0,45.0,23.135764112466575,7.511495227736393,0.82417263563738,0.0,1
141,11.0,46.0,12.611706982215576,6.339376557109375,1.382470318029144,0.0,1
142,11.0,47.0,12.698104642521143,6.24720330031118,0.8893152393978037,0.0,1
143,11.0,48.0,23.069322714414827,5.495832845534175,0.8469136627781602,0.0,1
144,11.0,49.0,9.16038045735131,6.1720078894704145,0.7624403658557721,0.0,1
146,11.0,50.0,16.685628793358454,7.016481985476683,1.1662745726719708,0.0,1
147,11.0,51.0,11.79529573316988,5.930038801706216,1.4156805650103186,0.0,1
148,11.0,52.0,24.125587758166947,6.869971557187259,1.2547174283096671,0.0,1
149,11.0,53.0,22.362255448718198,5.995344939912848,0.8357546776962081,0.0,1
150,11.0,54.0,21.52944296270731,6.980787779181684,1.1665751818810381,0.0,1
151,11.0,55.0,13.475140582393962,6.7674751279202665,0.9538827665558234,0.0,1
152,11.0,56.0,21.44056166252718,6.805980649129979,0.7005260231955344,0.0,1
153,11.0,57.0,22.274625595656484,6.767670520783871,0.7194308736990376,0.0,1
154,11.0,58.0,25.498887528008744,6.924706338940581,0.8284968400043908,0.0,1
155,11.0,59.0,26.088772346831878,8.668211781345931,1.076065287967669,0.0,1
157,11.0,60.0,26.537210156335966,7.524046967232872,1.0045956049222546,0.0,1
158,11.0,61.0,24.414050807030964,7.379565899059472,1.2784020200229804,0.0,1
159,11.0,62.0,14.354872216260542,5.6183933054053945,0.6844532298626333,0.0,1
160,11.0,63.0,21.84737386155051,8.102653681055598,0.8880481344007567,0.0,1
161,11.0,64.0,23.90062413488647,6.0641090714969685,0.7951997366616954,0.0,1
162,11.0,65.0,21.64777296703883,5.638638186629242,0.6627124389942471,0.0,1
163,11.0,66.0,13.92046402563622,6.392282753620755,0.9933230398222488,0.0,1
164,11.0,67.0,10.145352581790235,4.622790259471508,0.6063303966097369,0.0,1
165,11.0,68.0,13.977209163726494,7.700695067314043,0.9422176278727612,0.0,1
166,11.0,69.0,24.153331878519182,5.752912902714115,1.05382153403556,0.0,1
168,11.0,70.0,22.027887911424635,8.324819509150675,0.9671581476185285,0.0,1
169,11.0,71.0,20.94343917938607,6.548288882097894,0.8006132152155576,0.0,1
170,11.0,72.0,25.94156461358204,4.0328999039067845,1.0152876201752736,0.0,1
171,11.0,73.0,9.498865000412097,5.292704437593907,1.0125300367017358,0.0,1
172,11.0,74.0,,,,1.0,1
173,11.0,75.0,8.586137834666367,4.628796877171035,0.90546560275987,0.0,1
174,11.0,76.0,,,,1.0,1
175,11.0,77.0,22.12377225655818,7.235690833780712,0.7069968148852004,0.0,1
176,11.0,78.0,13.714540733005132,6.120691759544925,0.8832010967925399,0.0,1
177,11.0,79.0,10.44715478806276,5.783041670454862,0.6833584912820871,0.0,1
179,11.0,80.0,13.848315686917553,8.734908841919733,0.5981609897566278,0.0,0
180,11.0,81.0,24.875375184931052,5.313909958715686,0.8020540222579466,0.0,1
181,11.0,82.0,24.14482478468781,7.373759309406045,1.0675464641845522,0.0,1
182,11.0,83.0,23.879800326030484,6.509881938011793,0.8775500608020197,0.0,1
183,11.0,84.0,22.756061620974062,6.742407085389732,1.0602840642016655,0.0,1
184,11.0,85.0,12.63866821287569,5.646869926888185,1.287329683941036,0.0,1
185,11.0,86.0,24.55348329376454,6.536995623499788,1.0657302675178135,0.0,1
186,11.0,87.0,12.18746672757,6.1875808041577605,1.1360169789213224,0.0,1
187,11.0,88.0,24.624292855413728,6.673976585986619,0.837006137024904,0.0,1
188,11.0,89.0,24.558238835372084,2.153582835864772,0.9830769152810852,0.0,0
190,11.0,90.0,10.329880724459839,4.454894846792244,0.5669663271974876,0.0,1
191,11.0,91.0,20.606585695170214,5.583367508622203,0.976452340425646,0.0,1
192,11.0,92.0,12.349353565143614,6.090874860706213,1.3018706740094999,0.0,1
193,11.0,93.0,9.214547491023724,5.659698155857018,0.9082190289407936,0.0,1
194,11.0,94.0,20.359604933816435,8.445462572439308,1.3614785140966372,0.0,1
195,11.0,95.0,26.837531602907628,7.182383349189002,1.408072873326411,0.0,1
196,11.0,96.0,21.246696573057218,5.975441950195597,0.880219912388748,0.0,1
197,11.0,97.0,,,,1.0,1
198,11.0,98.0,25.364529980557524,7.176186194189005,1.0369891363891615,0.0,1
199,11.0,99.0,7.004116667232997,5.347044003446996,0.9308613100406777,0.0,1
2,11.0,100.0,8.006476468042077,4.711092422675078,0.9044496639335176,0.0,1
3,11.0,101.0,,,,1.0,1
4,11.0,102.0,12.901076404937337,6.14333200211496,0.8398918996872613,0.0,1
5,11.0,103.0,4.8199315690071,6.517127273820133,0.7701190308177406,0.0,0
6,11.0,104.0,23.76444368861444,7.512961689259844,1.1437193225024629,0.0,1
7,11.0,105.0,15.218854427947598,5.804094944645703,0.5525306031705783,0.0,1
8,11.0,106.0,13.082852632696458,5.72784546393434,0.8283583834876023,0.0,1
9,11.0,107.0,16.770455282404683,4.007451234436955,0.9966887007779786,0.0,1
10,11.0,108.0,22.44250776983911,4.729064745972594,0.8817059515959187,0.0,1
11,11.0,109.0,22.97436403176976,5.2820531004526865,0.9537159197063545,0.0,1
13,11.0,110.0,10.99621038311931,5.564265690775353,1.43731481858378,0.0,1
14,11.0,111.0,23.527051664441206,7.88917768527134,1.058753486618393,0.0,1
15,11.0,112.0,14.239409662803789,6.395425580284734,1.1846812633190442,0.0,1
16,11.0,113.0,25.543710646287842,6.41815473539495,1.6069872135431833,0.0,1
17,11.0,114.0,12.86731881788893,6.343333488416524,0.8167670908960938,0.0,1
18,11.0,115.0,10.027626693201166,6.051390962971608,0.8784159206655389,0.0,1
19,11.0,116.0,13.870471001249507,7.306741008215752,0.9052265097048586,0.0,1
20,11.0,117.0,11.447214067642168,5.416209339674186,0.5873718370175665,0.0,1
21,11.0,118.0,,,,1.0,1
22,11.0,119.0,20.96154648692507,6.594898304385792,0.6771595982783367,0.0,1
24,11.0,120.0,10.913280868907629,4.85926071327722,0.9579813863541018,0.0,1
25,11.0,121.0,13.336367575932899,5.992353129482431,1.053400537493216,0.0,1
26,11.0,122.0,24.068294350760898,7.59343487150173,1.1375060615828119,0.0,1
27,11.0,123.0,20.777636612295815,4.650984531169431,0.9259996879660264,0.0,1
28,11.0,124.0,22.45099053025081,6.346637459786748,1.1411770554912533,0.0,1
29,11.0,125.0,,,,1.0,1
30,11.0,126.0,22.330045551243497,8.413961174660718,1.0460597411563164,0.0,1
31,11.0,127.0,23.602406618829665,5.847466301899415,1.2948778160541465,0.0,1
32,11.0,128.0,20.48374983967826,6.8267569873780785,1.0571875124115913,0.0,1
33,11.0,129.0,13.913065917681687,5.6278123341839095,0.9649118592376329,0.0,1
35,11.0,130.0,20.310379188761974,4.739907980135558,1.1544314639882733,0.0,1
36,11.0,131.0,10.960608984679416,4.292245098424228,0.5166159283340317,0.0,1
37,11.0,132.0,22.592260430535006,7.013705346973707,1.1096823213503324,0.0,1
38,11.0,133.0,11.049730603319336,5.314024128451405,0.4992333084182299,0.0,1
39,11.0,134.0,12.833473802882626,6.092739168174442,0.9202197925489735,0.0,1
40,11.0,135.0,21.739773083271185,5.19250104053451,0.9428033657243127,0.0,1
41,11.0,136.0,13.035331799241595,4.258051534953684,0.5252089477318531,0.0,1
42,11.0,137.0,12.933680020939029,5.884767923961452,0.6287660021711936,0.0,1
43,11.0,138.0,24.340042806701454,6.927104006608414,0.7840444336965469,0.0,1
44,11.0,139.0,21.93805790636542,6.062763886962419,0.83503248960794,0.0,1
46,11.0,140.0,22.1607359313404,5.435226457976494,0.8805758735454923,0.0,1
47,11.0,141.0,21.514399316133918,5.34443591265221,0.980035819810273,0.0,1
48,11.0,142.0,10.997563585561439,5.409089570817955,0.861058952472523,0.0,1
49,11.0,143.0,21.990444163778545,5.400862672371772,1.0536794659062583,0.0,1
50,11.0,144.0,,,,1.0,1
51,11.0,145.0,,,,1.0,1
52,11.0,146.0,24.764424767527363,7.328069166009481,0.734646659923019,0.0,1
53,11.0,147.0,12.311017569072638,3.792130950370881,0.9463598975136289,0.0,1
54,11.0,148.0,,,,1.0,1
55,11.0,149.0,21.61861259521269,5.785863031484441,0.865055502481825,0.0,1
57,11.0,150.0,10.15111255438104,4.660534487872754,0.9393344761002904,0.0,1
58,11.0,151.0,8.654594527742034,6.483588761184654,1.450979386622529,0.0,1
59,11.0,152.0,14.554384061784264,4.688900804627497,1.37397168450544,0.0,1
60,11.0,153.0,11.468677779982443,6.050051872909018,1.1048030436475802,0.0,1
61,11.0,154.0,,,,1.0,1
62,11.0,155.0,16.068042454981864,7.626134543337218,1.0515049014061777,0.0,1
63,11.0,156.0,23.164087218455293,7.324404254785756,0.6922756774072063,0.0,1
64,11.0,157.0,26.355223915356973,8.317865408609233,1.0804072089608017,0.0,1
65,11.0,158.0,12.411139029042452,5.41274955595169,0.7970382256314377,0.0,1
66,11.0,159.0,15.489107211115869,5.162022230577914,0.9761668875449896,0.0,1
68,11.0,160.0,7.322465633690346,5.208562735528187,1.355614994103254,0.0,1
69,11.0,161.0,12.585031648682063,6.617707763228775,1.2187088700617625,0.0,1
70,11.0,162.0,21.62579074754385,7.891696789934825,0.6727647321138983,0.0,1
71,11.0,163.0,22.937549880213584,6.2660051908523045,1.0392667111890557,0.0,1
72,11.0,164.0,22.7889605274839,7.753727957921959,1.2161290323609677,0.0,1
73,11.0,165.0,19.669681972477175,6.007776759522558,0.7548199966835911,0.0,1
74,11.0,166.0,18.714968922593588,5.094249249343342,0.878650792910415,0.0,1
75,11.0,167.0,12.239456290270814,5.46554655464118,0.8482523524031027,0.0,1
76,11.0,168.0,,,,1.0,1
77,11.0,169.0,19.861812980830265,4.409408599027385,0.874925923226332,0.0,1
79,11.0,170.0,17.852796487601523,5.426060487514384,1.1660617665610538,0.0,1
80,11.0,171.0,20.907573801473255,6.578641906106926,0.7845898211622888,0.0,1
81,11.0,172.0,25.18772409439964,7.608433671914005,1.21621141854272,0.0,1
82,11.0,173.0,,,,1.0,1
83,11.0,174.0,,,,1.0,1
84,11.0,175.0,9.229374874469121,5.184898720226679,0.8994048071023846,0.0,1
85,11.0,176.0,23.20496080432929,7.030141936999353,0.9467431784290063,0.0,1
86,11.0,177.0,23.590788595666936,5.258333878715833,1.1650356230663679,0.0,1
87,11.0,178.0,27.465856336357685,7.457644144916154,1.1208081022809822,0.0,1
88,11.0,179.0,25.461767799479965,4.805467454720135,0.7978235210101383,0.0,1
90,11.0,180.0,10.118227633877577,3.319356167772279,0.6835579082866943,0.0,1
91,11.0,181.0,10.272019442300854,5.823947347877642,1.0033137312327653,0.0,1
92,11.0,182.0,,,,1.0,1
93,11.0,183.0,12.878239253387113,5.81555923002378,1.4250883886729477,0.0,1
94,11.0,184.0,13.473598047319133,6.296063428758651,0.9728735103344022,0.0,1
95,11.0,185.0,25.487672199289598,5.120999343886866,1.251680848637843,0.0,1
96,11.0,186.0,26.554728439042563,5.389832559891495,1.1954578782936878,0.0,1
97,11.0,187.0,8.461436714346561,5.902394891673516,0.8985798632661153,0.0,1
98,11.0,188.0,23.525898849843834,6.801952280842165,1.2180913982717199,0.0,1
99,11.0,189.0,,,,1.0,1
101,11.0,190.0,25.876311477441856,6.455721383242973,1.1458857026055203,0.0,1
102,11.0,191.0,11.911882097242307,5.801709304638568,1.257070193055398,0.0,1
103,11.0,192.0,,,,1.0,1
104,11.0,193.0,9.43664178836147,4.8056770089903305,0.4174997466313677,0.0,1
105,11.0,194.0,9.520566560474887,4.934048580434417,0.5174517659393754,0.0,1
106,11.0,195.0,23.06820387028324,5.605628355881537,0.877561300831931,0.0,1
107,11.0,196.0,22.253031197320077,6.562055629696175,0.8335585050231931,0.0,1
108,11.0,197.0,23.23720342078605,7.020991995194282,1.0463773971925718,0.0,1
109,11.0,198.0,21.09566850592655,5.481345692477507,0.8770856145156962,0.0,1
110,11.0,199.0,20.648881301940534,6.8541689345141865,0.8374184005071701,0.0,1
113,11.0,200.0,,,,1.0,1
